1,-68,0.1,0,0
2,-67.8924,0.0853064,0.00332334,0.0011407
3,-67.854,0.0778432,0.00531054,0.00182768
4,-67.8238,0.0712559,0.00728963,0.00251384
5,-67.8355,0.0678885,0.00840103,0.00289935
6,-67.8549,0.064738,0.00951186,0.00328372
7,-67.8802,0.0617888,0.0106224,0.0036668
8,-67.9122,0.0590259,0.0117331,0.00404845
9,-67.9516,0.0564354,0.0128442,0.00442849
10,-67.999,0.0540044,0.0139562,0.00480675
11,-68.0551,0.0517205,0.0150696,0.00518301
12,-68.1133,0.0506549,0.0156136,0.00536558
13,-68.1789,0.049616,0.016159,0.00554722
14,-68.2519,0.0485668,0.0167255,0.00573433
15,-68.3301,0.0475436,0.0172937,0.00592033
16,-68.4137,0.0465449,0.0178639,0.00610515
17,-68.5029,0.0455695,0.0184361,0.00628874
18,-68.5978,0.0446161,0.0190107,0.00647104
19,-68.6986,0.0436835,0.0195877,0.00665198
20,-68.8055,0.0427705,0.0201673,0.00683149
21,-68.9187,0.0418759,0.0207497,0.00700952
22,-69.0383,0.0409987,0.0213352,0.00718599
23,-69.1644,0.0401378,0.0219238,0.00736084
24,-69.2973,0.0392921,0.022516,0.007534
25,-69.4372,0.0384607,0.0231118,0.0077054
26,-69.5841,0.0376426,0.0237115,0.00787498
27,-69.7383,0.0368369,0.0243154,0.00804267
28,-69.8999,0.0360428,0.0249236,0.00820841
29,-70.0692,0.0352594,0.0255366,0.00837211
30,-70.2462,0.0344858,0.0261544,0.00853373
31,-70.4311,0.0337214,0.0267775,0.00869319
32,-70.6241,0.0329655,0.0274062,0.00885042
33,-70.8254,0.0322173,0.0280406,0.00900537
34,-71.0351,0.0314762,0.0286812,0.00915796
35,-71.2534,0.0307417,0.0293283,0.00930814
36,-71.4804,0.0300131,0.0299822,0.00945585
37,-71.7164,0.0292899,0.0306433,0.00960102
38,-71.9615,0.0285717,0.031312,0.00974359
39,-72.2158,0.0278581,0.0319887,0.00988352
40,-72.4796,0.0271486,0.0326737,0.0100207
41,-72.7529,0.0264429,0.0333676,0.0101552
42,-73.036,0.0257408,0.0340707,0.0102869
43,-73.329,0.0250419,0.0347835,0.0104157
44,-73.6321,0.024346,0.0355066,0.0105416
45,-73.7986,0.0240432,0.0358251,0.0105955
46,-73.9727,0.0237395,0.0361463,0.0106486
47,-74.1625,0.0234159,0.0364904,0.0107043
48,-74.3667,0.0230753,0.0368546,0.0107618
49,-74.5838,0.0227206,0.0372363,0.0108205
50,-74.8064,0.0223645,0.037622,0.0108783
51,-75.0345,0.0220068,0.0380121,0.010935
52,-75.2681,0.0216475,0.0384065,0.0109907
53,-75.5072,0.0212867,0.0388054,0.0110454
54,-75.7519,0.0209244,0.0392091,0.011099
55,-76.0023,0.0205604,0.0396176,0.0111517
56,-76.2583,0.0201949,0.0400313,0.0112033
57,-76.52,0.0198279,0.0404501,0.0112538
58,-76.7876,0.0194594,0.0408744,0.0113033
59,-77.0609,0.0190894,0.0413043,0.0113518
60,-77.34,0.018718,0.04174,0.0113991
61,-77.625,0.0183452,0.0421817,0.0114454
62,-77.916,0.0179712,0.0426296,0.0114907
63,-78.2129,0.0175959,0.043084,0.0115348
64,-78.5158,0.0172195,0.0435451,0.0115779
65,-78.8247,0.0168421,0.0440131,0.01162
66,-79.1397,0.0164638,0.0444882,0.0116609
67,-79.4609,0.0160847,0.0449708,0.0117008
68,-79.7882,0.0157048,0.045461,0.0117396
69,-80.1217,0.0153245,0.0459592,0.0117773
70,-80.4615,0.0149437,0.0464656,0.011814
71,-80.8075,0.0145628,0.0469805,0.0118496
72,-81.1599,0.0141817,0.0475042,0.0118841
73,-81.5186,0.0138008,0.048037,0.0119176
74,-81.8838,0.0134202,0.0485793,0.01195
75,-82.2553,0.0130401,0.0491314,0.0119814
76,-82.6334,0.0126607,0.0496937,0.0120118
77,-83.018,0.0122823,0.0502664,0.0120411
78,-83.4092,0.011905,0.0508501,0.0120694
79,-83.8069,0.0115291,0.051445,0.0120967
80,-84.2113,0.0111549,0.0520517,0.012123
81,-84.6224,0.0107826,0.0526704,0.0121483
82,-85.0403,0.0104125,0.0533018,0.0121726
83,-85.4648,0.0100448,0.0539461,0.012196
84,-85.8962,0.00967986,0.054604,0.0122183
85,-86.3345,0.00931794,0.0552759,0.0122398
86,-86.7796,0.00895934,0.0559624,0.0122603
87,-87.2316,0.00860436,0.0566639,0.0122799
88,-87.6906,0.00825331,0.0573811,0.0122986
89,-88.1567,0.0079065,0.0581145,0.0123164
90,-88.6297,0.00756426,0.0588648,0.0123333
91,-89.1099,0.00722688,0.0596325,0.0123493
92,-89.5971,0.00689471,0.0604185,0.0123645
93,-90.0916,0.00656805,0.0612233,0.0123789
94,-90.5932,0.00624724,0.0620477,0.0123924
95,-91.1021,0.00593257,0.0628925,0.0124051
96,-91.6182,0.00562438,0.0637585,0.0124171
97,-92.1417,0.00532297,0.0646464,0.0124283
98,-92.6725,0.00502865,0.0655572,0.0124387
99,-93.2108,0.0047417,0.0664918,0.0124484
100,-93.7564,0.00446242,0.0674511,0.0124574
101,-94.3096,0.00419107,0.0684361,0.0124657
102,-94.8703,0.00392793,0.0694479,0.0124733
103,-95.4385,0.00367322,0.0704875,0.0124802
104,-96.0143,0.00342718,0.0715561,0.0124864
105,-96.5978,0.00319002,0.0726548,0.0124921
106,-97.1889,0.00296192,0.0737849,0.0124971
107,-97.7878,0.00274304,0.0749478,0.0125015
108,-98.3944,0.00253353,0.0761447,0.0125053
109,-99.0088,0.00233348,0.0773771,0.0125086
110,-99.631,0.00214299,0.0786465,0.0125113
111,-100.261,0.0019621,0.0799544,0.0125135
112,-100.899,0.00179082,0.0813026,0.0125151
113,-101.545,0.00162916,0.0826927,0.0125162
114,-102.199,0.00147705,0.0841265,0.0125169
115,-102.861,0.00133442,0.0856059,0.0125171
116,-103.531,0.00120114,0.0871329,0.0125168
117,-104.209,0.00107706,0.0887095,0.0125161
118,-104.895,0.000961993,0.0903381,0.0125149
119,-105.59,0.000855714,0.0920208,0.0125134
120,-106.293,0.000757967,0.09376,0.0125114
121,-107.003,0.000668465,0.0955583,0.012509
122,-107.723,0.00058689,0.0974183,0.0125063
123,-108.45,0.000512898,0.0993427,0.0125032
124,-109.186,0.000446122,0.101335,0.0124998
125,-109.931,0.000386173,0.103397,0.012496
126,-110.683,0.000332645,0.105533,0.0124919
127,-111.445,0.000285121,0.107746,0.0124874
128,-112.215,0.000243173,0.110039,0.0124827
129,-112.993,0.00020637,0.112417,0.0124777
130,-113.78,0.000174282,0.114883,0.0124723
131,-114.576,0.000146482,0.117442,0.0124667
132,-115.38,0.000122553,0.120096,0.0124609
133,-116.193,0.00010209,0.122852,0.0124548
134,-117.015,8.47076e-05,0.125714,0.0124484
135,-117.845,7.00376e-05,0.128687,0.0124418
136,-118.685,5.77365e-05,0.131775,0.0124349
137,-119.533,4.74855e-05,0.134985,0.0124278
138,-120.39,3.89928e-05,0.138322,0.0124205
139,-121.257,3.19945e-05,0.141792,0.012413
140,-122.132,2.62548e-05,0.145402,0.0124053
141,-123.016,2.15656e-05,0.149158,0.0123973
142,-123.909,1.77457e-05,0.153067,0.0123892
143,-124.812,1.46392e-05,0.157136,0.0123808
144,-125.723,1.21142e-05,0.161373,0.0123723
145,-126.644,1.00599e-05,0.165786,0.0123636
146,-127.574,8.38493e-06,0.170383,0.0123547
147,-128.513,7.01457e-06,0.175173,0.0123456
148,-129.461,5.88852e-06,0.180164,0.0123363
149,-130.419,4.95856e-06,0.185367,0.0123269
150,-131.386,4.18642e-06,0.19079,0.0123173
151,-132.363,3.54192e-06,0.196445,0.0123075
152,-133.349,3.00132e-06,0.202342,0.0122975
153,-134.344,2.54592e-06,0.208491,0.0122874
154,-135.349,2.16093e-06,0.214905,0.0122771
155,-136.364,1.83456e-06,0.221595,0.0122666
156,-137.388,1.55735e-06,0.228573,0.012256
157,-138.422,1.32157e-06,0.235852,0.0122452
158,-139.465,1.1209e-06,0.243445,0.0122342
159,-140.518,9.50055e-07,0.251364,0.0122231
160,-141.581,8.04617e-07,0.259625,0.0122118
161,-142.654,6.80849e-07,0.268239,0.0122003
162,-143.736,5.75578e-07,0.277222,0.0121886
163,-144.829,4.861e-07,0.286586,0.0121768
164,-145.931,4.10106e-07,0.296348,0.0121648
165,-147.043,3.45619e-07,0.30652,0.0121526
166,-148.165,2.90948e-07,0.317116,0.0121403
167,-149.297,2.44645e-07,0.32815,0.0121278
168,-150.439,2.0547e-07,0.339636,0.0121151
169,-151.592,1.72362e-07,0.351586,0.0121022
170,-152.754,1.44412e-07,0.364012,0.0120891
171,-153.966,1.20127e-07,0.377372,0.0120754
172,-155.189,9.9795e-08,0.391264,0.0120614
173,-156.423,8.28006e-08,0.405695,0.0120473
174,-157.667,6.86179e-08,0.420673,0.0120329
175,-158.921,5.68025e-08,0.436202,0.0120184
176,-160.186,4.69829e-08,0.452283,0.0120036
177,-161.462,3.88569e-08,0.468915,0.0119886
178,-162.749,3.22056e-08,0.486091,0.0119733
179,-164.047,2.698e-08,0.503802,0.0119579
180,-165.399,2.42099e-08,0.52266,0.0119416
181,-166.763,3.24501e-08,0.54205,0.0119251
182,-168.138,1.40497e-07,0.561942,0.0119083
183,-169.278,4.5808e-07,0.578513,0.0118944
184,-170.081,2.42067e-07,0.59016,0.0118847
185,-170.987,3.17133e-07,0.603347,0.0118737
186,-171.91,5.78588e-07,0.616727,0.0118626
187,-172.692,4.662e-07,0.627989,0.0118533
188,-173.537,7.50016e-07,0.640167,0.0118432
189,-174.225,4.19874e-07,0.650011,0.011835
190,-174.985,5.03703e-07,0.660856,0.0118259
191,-175.793,1.11298e-06,0.672378,0.0118163
192,-176.317,2.68235e-07,0.679763,0.0118101
193,-176.976,2.22858e-07,0.689002,0.0118023
194,-177.794,8.74144e-07,0.700437,0.0117927
195,-178.272,2.0228e-07,0.707034,0.0117871
196,-178.889,1.78857e-07,0.715486,0.0117799
197,-179.671,8.44006e-07,0.726139,0.0117707
198,-180.109,1.85991e-07,0.732017,0.0117656
199,-180.687,1.71257e-07,0.739724,0.0117589
200,-181.435,9.48782e-07,0.749613,0.0117502
201,-181.82,1.81259e-07,0.754614,0.0117458
202,-182.345,1.37291e-07,0.761383,0.0117398
203,-183.042,7.15199e-07,0.770286,0.0117318
204,-183.445,1.81607e-07,0.77535,0.0117272
205,-183.988,2.44566e-07,0.782099,0.011721
206,-184.56,5.10796e-07,0.789092,0.0117146
207,-185.034,3.66436e-07,0.794774,0.0117093
208,-185.568,6.19599e-07,0.801109,0.0117033
209,-186.038,5.24363e-07,0.806587,0.0116981
210,-186.532,6.71423e-07,0.81227,0.0116926
211,-187.028,1.01992e-06,0.817922,0.0116871
212,-187.413,3.79401e-07,0.822217,0.0116829
213,-187.847,2.9896e-07,0.827009,0.0116782
214,-188.357,7.12876e-07,0.832559,0.0116726
215,-188.742,3.39477e-07,0.836672,0.0116684
216,-189.183,3.94336e-07,0.841328,0.0116636
217,-189.675,1.0077e-06,0.846436,0.0116583
218,-189.999,2.66418e-07,0.849742,0.0116548
219,-190.4,2.24321e-07,0.85378,0.0116505
220,-190.898,8.21015e-07,0.858724,0.0116452
221,-191.212,2.26854e-07,0.861779,0.0116419
222,-191.612,2.41573e-07,0.865614,0.0116376
223,-192.102,1.03856e-06,0.870241,0.0116325
224,-192.373,2.07886e-07,0.872756,0.0116296
225,-192.745,1.79758e-07,0.876147,0.0116257
226,-193.227,8.90536e-07,0.880479,0.0116207
227,-193.496,1.91536e-07,0.88285,0.0116179
228,-193.863,1.94248e-07,0.886035,0.0116141
229,-194.333,1.03489e-06,0.890041,0.0116092
230,-194.577,1.95032e-07,0.892082,0.0116067
231,-194.923,1.72012e-07,0.894933,0.0116032
232,-195.376,9.11518e-07,0.898603,0.0115985
233,-195.622,1.87801e-07,0.900558,0.011596
234,-195.963,1.86009e-07,0.90322,0.0115926
235,-196.402,1.00934e-06,0.906594,0.0115881
236,-196.632,1.9254e-07,0.908321,0.0115858
237,-196.956,1.72742e-07,0.910723,0.0115826
238,-197.38,9.1856e-07,0.913809,0.0115783
239,-197.611,1.88636e-07,0.915451,0.011576
240,-197.929,1.83946e-07,0.917685,0.0115729
241,-198.34,9.8558e-07,0.920518,0.0115688
242,-198.558,1.92115e-07,0.921989,0.0115667
243,-198.864,1.74658e-07,0.924016,0.0115637
244,-199.262,9.21093e-07,0.926612,0.0115598
245,-199.479,1.90061e-07,0.927999,0.0115576
246,-199.778,1.8327e-07,0.929879,0.0115547
247,-200.165,9.66257e-07,0.932263,0.011551
248,-200.373,1.9253e-07,0.933518,0.011549
249,-200.661,1.76776e-07,0.935231,0.0115462
250,-201.037,9.20928e-07,0.937418,0.0115426
251,-201.243,1.91629e-07,0.938594,0.0115406
252,-201.525,1.8331e-07,0.940179,0.011538
253,-201.89,9.50646e-07,0.942189,0.0115345
254,-202.089,1.93448e-07,0.94326,0.0115326
255,-202.362,1.78911e-07,0.94471,0.01153
256,-202.717,9.18899e-07,0.946556,0.0115267
257,-202.913,1.93274e-07,0.947555,0.0115249
258,-203.181,1.83857e-07,0.948896,0.0115224
259,-203.527,9.37873e-07,0.950593,0.0115192
260,-203.717,1.94705e-07,0.951508,0.0115174
261,-203.977,1.8102e-07,0.952738,0.011515
262,-204.314,9.156e-07,0.954298,0.0115119
263,-204.502,1.94989e-07,0.955149,0.0115102
264,-204.756,1.84789e-07,0.956285,0.0115079
265,-205.085,9.27225e-07,0.957721,0.0115049
266,-205.267,1.96202e-07,0.958503,0.0115032
267,-205.515,1.83103e-07,0.959547,0.011501
268,-205.836,9.11473e-07,0.960868,0.0114981
269,-206.016,1.96778e-07,0.961595,0.0114965
270,-206.259,1.86023e-07,0.962559,0.0114943
271,-206.571,9.18147e-07,0.963776,0.0114915
272,-206.747,1.97882e-07,0.964445,0.0114899
273,-206.984,1.85174e-07,0.965333,0.0114878
274,-207.29,9.06836e-07,0.966453,0.0114851
275,-207.463,1.98649e-07,0.967074,0.0114836
276,-207.695,1.875e-07,0.967894,0.0114815
277,-207.994,9.10227e-07,0.968927,0.0114789
278,-208.163,1.99712e-07,0.9695,0.0114774
279,-208.39,1.87258e-07,0.970256,0.0114755
280,-208.682,9.01912e-07,0.971208,0.0114729
281,-208.849,2.00611e-07,0.971739,0.0114715
282,-209.072,1.89182e-07,0.972438,0.0114696
283,-209.358,9.03155e-07,0.973316,0.0114671
284,-209.521,2.01675e-07,0.973807,0.0114657
285,-209.739,1.89377e-07,0.974452,0.0114638
286,-210.019,8.96848e-07,0.975261,0.0114614
287,-210.18,2.02672e-07,0.975717,0.0114601
288,-210.394,1.9104e-07,0.976313,0.0114583
289,-210.668,8.96707e-07,0.97706,0.011456
290,-210.826,2.03764e-07,0.977482,0.0114546
291,-211.036,1.91556e-07,0.978032,0.0114529
292,-211.304,8.91735e-07,0.978721,0.0114506
293,-211.46,2.04844e-07,0.979113,0.0114493
294,-211.666,1.93062e-07,0.979622,0.0114476
295,-211.929,8.90713e-07,0.980258,0.0114454
296,-212.082,2.05983e-07,0.980621,0.0114441
297,-212.284,1.93818e-07,0.981091,0.0114425
298,-212.542,8.86625e-07,0.981679,0.0114403
299,-212.693,2.07138e-07,0.982015,0.0114391
300,-212.891,1.95241e-07,0.982451,0.0114375
301,-213.144,8.8505e-07,0.982994,0.0114354
302,-213.293,2.08338e-07,0.983306,0.0114342
303,-213.488,1.96185e-07,0.983708,0.0114326
304,-213.736,8.81542e-07,0.98421,0.0114306
305,-213.882,2.09571e-07,0.9845,0.0114294
306,-214.074,1.97581e-07,0.984873,0.0114279
307,-214.317,8.79621e-07,0.985336,0.0114259
308,-214.462,2.10843e-07,0.985605,0.0114248
309,-214.65,1.9868e-07,0.98595,0.0114233
310,-214.889,8.7649e-07,0.986379,0.0114214
311,-215.031,2.1216e-07,0.986628,0.0114202
312,-215.217,2.00092e-07,0.986948,0.0114188
313,-215.452,8.74352e-07,0.987345,0.0114169
314,-215.592,2.13519e-07,0.987576,0.0114158
315,-215.774,2.01331e-07,0.987872,0.0114144
316,-216.005,8.71457e-07,0.988239,0.0114126
317,-216.143,2.14931e-07,0.988454,0.0114115
318,-216.323,2.02794e-07,0.988729,0.0114101
319,-216.549,8.69176e-07,0.989068,0.0114083
320,-216.686,2.16392e-07,0.989268,0.0114073
321,-216.863,2.04168e-07,0.989522,0.0114059
322,-217.085,8.66421e-07,0.989836,0.0114042
323,-217.22,2.17915e-07,0.990022,0.0114031
324,-217.394,2.05713e-07,0.990258,0.0114018
325,-217.613,8.64039e-07,0.990549,0.0114001
326,-217.746,2.19497e-07,0.990722,0.0113991
327,-217.917,2.0723e-07,0.99094,0.0113978
328,-218.133,8.61353e-07,0.991209,0.0113962
329,-218.264,2.21153e-07,0.99137,0.0113952
330,-218.433,2.08887e-07,0.991573,0.0113939
331,-218.645,8.58882e-07,0.991822,0.0113923
332,-218.775,2.22882e-07,0.991972,0.0113913
333,-218.941,2.10563e-07,0.99216,0.0113901
334,-219.149,8.56208e-07,0.992391,0.0113885
335,-219.278,2.24698e-07,0.99253,0.0113875
336,-219.442,2.12369e-07,0.992705,0.0113863
337,-219.647,8.53646e-07,0.992918,0.0113848
338,-219.774,2.26608e-07,0.993048,0.0113839
339,-219.935,2.14232e-07,0.99321,0.0113827
340,-220.137,8.50936e-07,0.993408,0.0113812
341,-220.262,2.28626e-07,0.993529,0.0113802
342,-220.422,2.1623e-07,0.993679,0.0113791
343,-220.62,8.48264e-07,0.993863,0.0113776
344,-220.745,2.30762e-07,0.993975,0.0113767
345,-220.902,2.18323e-07,0.994115,0.0113756
346,-221.097,8.45467e-07,0.994285,0.0113741
347,-221.22,2.33035e-07,0.99439,0.0113733
348,-221.375,2.20569e-07,0.99452,0.0113721
349,-221.567,8.42651e-07,0.994677,0.0113707
350,-221.689,2.35464e-07,0.994775,0.0113699
351,-221.842,2.22955e-07,0.994896,0.0113688
352,-222.031,8.3971e-07,0.995042,0.0113674
353,-222.152,2.38072e-07,0.995133,0.0113665
354,-222.303,2.2553e-07,0.995245,0.0113655
355,-222.489,8.36699e-07,0.99538,0.0113641
356,-222.609,2.40888e-07,0.995465,0.0113633
357,-222.757,2.28301e-07,0.995569,0.0113622
358,-222.941,8.33543e-07,0.995695,0.0113609
359,-223.059,2.43949e-07,0.995774,0.0113601
360,-223.206,2.3132e-07,0.995871,0.0113591
361,-223.387,8.3026e-07,0.995988,0.0113578
362,-223.504,2.47297e-07,0.996062,0.011357
363,-223.65,2.34618e-07,0.996152,0.0113559
364,-223.828,8.26789e-07,0.99626,0.0113547
365,-223.944,2.50989e-07,0.996329,0.0113539
366,-224.087,2.38261e-07,0.996412,0.0113529
367,-224.263,8.2312e-07,0.996513,0.0113517
368,-224.378,2.55098e-07,0.996577,0.0113509
369,-224.52,2.42313e-07,0.996655,0.0113499
370,-224.692,8.19189e-07,0.996748,0.0113487
371,-224.807,2.59718e-07,0.996808,0.0113479
372,-224.947,2.46871e-07,0.996881,0.011347
373,-225.116,8.14956e-07,0.996967,0.0113458
374,-225.23,2.64972e-07,0.997023,0.011345
375,-225.369,2.52054e-07,0.997091,0.0113441
376,-225.536,8.10338e-07,0.99717,0.0113429
377,-225.649,2.71029e-07,0.997223,0.0113422
378,-225.786,2.58033e-07,0.997286,0.0113412
379,-225.95,8.05252e-07,0.99736,0.0113401
380,-226.063,2.78121e-07,0.99741,0.0113394
381,-226.198,2.65032e-07,0.997468,0.0113385
382,-226.359,7.99571e-07,0.997536,0.0113374
383,-226.471,2.86577e-07,0.997583,0.0113366
384,-226.605,2.73379e-07,0.997637,0.0113357
385,-226.764,7.93136e-07,0.997701,0.0113347
386,-226.876,2.96873e-07,0.997744,0.0113339
387,-227.008,2.83543e-07,0.997795,0.011333
388,-227.163,7.85725e-07,0.997854,0.011332
389,-227.275,3.09728e-07,0.997895,0.0113313
390,-227.406,2.96232e-07,0.997942,0.0113304
391,-227.559,7.77034e-07,0.997996,0.0113294
392,-227.671,3.2626e-07,0.998035,0.0113287
393,-227.8,3.12549e-07,0.998079,0.0113278
394,-227.949,7.66634e-07,0.998129,0.0113268
395,-228.062,3.48289e-07,0.998165,0.0113261
396,-228.189,3.34286e-07,0.998206,0.0113253
397,-228.335,7.53916e-07,0.998252,0.0113243
398,-228.449,3.78935e-07,0.998287,0.0113236
399,-228.575,3.64511e-07,0.998325,0.0113228
400,-228.717,7.38011e-07,0.998367,0.0113218
401,-228.832,4.23873e-07,0.998401,0.0113211
402,-228.957,4.08791e-07,0.998436,0.0113203
403,-229.094,7.17701e-07,0.998474,0.0113194
404,-229.211,4.94207e-07,0.998506,0.0113186
405,-229.335,4.7797e-07,0.99854,0.0113178
406,-229.467,6.9139e-07,0.998574,0.011317
407,-229.599,1.04676e-06,0.998608,0.0113162
408,-229.703,4.11159e-07,0.998634,0.0113155
409,-229.818,2.78798e-07,0.998663,0.0113148
410,-229.954,5.40048e-07,0.998696,0.0113139
411,-230.073,4.69408e-07,0.998724,0.0113131
412,-230.2,6.18607e-07,0.998754,0.0113123
413,-230.327,8.51719e-07,0.998783,0.0113115
414,-230.438,5.25877e-07,0.998808,0.0113108
415,-230.554,4.20826e-07,0.998834,0.0113101
416,-230.68,5.8095e-07,0.998861,0.0113093
417,-230.807,8.37741e-07,0.998888,0.0113085
418,-230.916,5.1247e-07,0.99891,0.0113078
419,-231.031,4.18671e-07,0.998934,0.0113071
420,-231.155,5.94401e-07,0.998959,0.0113063
421,-231.281,8.8118e-07,0.998983,0.0113055
422,-231.386,4.78601e-07,0.999003,0.0113049
423,-231.498,3.75317e-07,0.999024,0.0113042
424,-231.623,5.8417e-07,0.999047,0.0113034
425,-231.749,9.49627e-07,0.99907,0.0113026
426,-231.849,4.17143e-07,0.999088,0.011302
427,-231.959,3.10204e-07,0.999107,0.0113013
428,-232.086,5.78915e-07,0.999129,0.0113005
429,-232.2,5.79775e-07,0.999148,0.0112998
430,-232.315,6.03584e-07,0.999167,0.0112991
431,-232.43,6.53357e-07,0.999185,0.0112984
432,-232.545,7.35509e-07,0.999204,0.0112977
433,-232.661,8.61271e-07,0.999221,0.011297
434,-232.777,1.04928e-06,0.999239,0.0112963
435,-232.875,4.91139e-07,0.999254,0.0112957
436,-232.979,3.21196e-07,0.999269,0.0112951
437,-233.099,4.98469e-07,0.999286,0.0112943
438,-233.213,5.84464e-07,0.999302,0.0112936
439,-233.327,7.12581e-07,0.999318,0.011293
440,-233.442,9.03549e-07,0.999333,0.0112923
441,-233.543,5.38331e-07,0.999347,0.0112916
442,-233.647,4.02584e-07,0.99936,0.011291
443,-233.762,5.4395e-07,0.999375,0.0112903
444,-233.881,9.54773e-07,0.99939,0.0112896
445,-233.974,3.91403e-07,0.999401,0.0112891
446,-234.077,2.92039e-07,0.999414,0.0112884
447,-234.198,5.88746e-07,0.999428,0.0112877
448,-234.304,5.31073e-07,0.99944,0.0112871
449,-234.414,6.21598e-07,0.999452,0.0112864
450,-234.524,7.555e-07,0.999465,0.0112858
451,-234.635,9.53686e-07,0.999477,0.0112851
452,-234.73,5.16099e-07,0.999487,0.0112845
453,-234.83,3.6755e-07,0.999498,0.0112839
454,-234.942,5.27106e-07,0.999509,0.0112833
455,-235.059,1.0255e-06,0.999521,0.0112826
456,-235.146,3.46385e-07,0.999529,0.0112821
457,-235.245,2.45782e-07,0.999539,0.0112815
458,-235.364,5.82789e-07,0.99955,0.0112808
459,-235.465,4.61729e-07,0.99956,0.0112802
460,-235.572,5.58721e-07,0.99957,0.0112796
461,-235.679,7.01377e-07,0.999579,0.0112789
462,-235.786,9.13542e-07,0.999589,0.0112783
463,-235.88,5.21707e-07,0.999597,0.0112778
464,-235.977,3.86893e-07,0.999605,0.0112772
465,-236.085,5.42902e-07,0.999614,0.0112766
466,-236.198,9.92415e-07,0.999623,0.0112759
467,-236.283,3.70301e-07,0.99963,0.0112754
468,-236.379,2.67836e-07,0.999637,0.0112749
469,-236.493,5.80758e-07,0.999646,0.0112742
470,-236.592,5.04123e-07,0.999654,0.0112736
471,-236.695,6.02458e-07,0.999661,0.011273
472,-236.799,7.45957e-07,0.999669,0.0112724
473,-236.903,9.57113e-07,0.999676,0.0112718
474,-236.992,5.0829e-07,0.999682,0.0112713
475,-237.086,3.60798e-07,0.999689,0.0112708
476,-237.191,5.2634e-07,0.999696,0.0112702
477,-237.301,1.0423e-06,0.999703,0.0112696
478,-237.381,3.397e-07,0.999708,0.0112691
479,-237.474,2.37598e-07,0.999714,0.0112686
480,-237.587,5.77459e-07,0.999721,0.0112679
481,-237.68,4.56461e-07,0.999727,0.0112674
482,-237.781,5.57533e-07,0.999733,0.0112668
483,-237.882,7.04907e-07,0.999739,0.0112663
484,-237.983,9.2268e-07,0.999745,0.0112657
485,-238.07,5.15917e-07,0.99975,0.0112652
486,-238.162,3.78672e-07,0.999755,0.0112647
487,-238.263,5.385e-07,0.99976,0.0112641
488,-238.369,1.00649e-06,0.999766,0.0112635
489,-238.449,3.61622e-07,0.99977,0.0112631
490,-238.539,2.58528e-07,0.999775,0.0112625
491,-238.647,5.77465e-07,0.99978,0.0112619
492,-238.739,4.942e-07,0.999785,0.0112614
493,-238.836,5.94855e-07,0.999789,0.0112609
494,-238.934,7.40317e-07,0.999794,0.0112603
495,-239.032,9.52758e-07,0.999798,0.0112598
496,-239.116,5.09789e-07,0.999802,0.0112593
497,-239.204,3.62643e-07,0.999806,0.0112588
498,-239.303,5.25727e-07,0.999811,0.0112583
499,-239.406,1.03307e-06,0.999815,0.0112577
500,-239.482,3.43735e-07,0.999818,0.0112573
501,-239.57,2.41547e-07,0.999822,0.0112568
502,-239.675,5.76515e-07,0.999826,0.0112562
503,-239.764,4.65886e-07,0.99983,0.0112557
504,-239.859,5.66852e-07,0.999833,0.0112552
505,-239.954,7.12482e-07,0.999837,0.0112547
506,-240.049,9.25225e-07,0.999841,0.0112542
507,-240.131,5.19111e-07,0.999844,0.0112537
508,-240.218,3.78871e-07,0.999847,0.0112532
509,-240.313,5.34061e-07,0.99985,0.0112527
510,-240.413,9.96853e-07,0.999854,0.0112522
511,-240.488,3.64694e-07,0.999856,0.0112518
512,-240.573,2.62362e-07,0.999859,0.0112513
513,-240.675,5.77901e-07,0.999862,0.0112507
514,-240.762,5.01251e-07,0.999865,0.0112503
515,-240.854,6.00205e-07,0.999868,0.0112498
516,-240.946,7.41671e-07,0.999871,0.0112493
517,-241.038,9.45898e-07,0.999874,0.0112488
518,-241.118,5.17772e-07,0.999876,0.0112483
519,-241.202,3.69418e-07,0.999879,0.0112479
520,-241.295,5.2397e-07,0.999881,0.0112474
521,-241.392,1.00757e-06,0.999884,0.0112469
522,-241.465,3.5464e-07,0.999886,0.0112465
523,-241.547,2.53531e-07,0.999888,0.011246
524,-241.647,5.78669e-07,0.999891,0.0112455
525,-241.731,4.84698e-07,0.999893,0.0112451
526,-241.821,5.82357e-07,0.999896,0.0112446
527,-241.91,7.21462e-07,0.999898,0.0112441
528,-242,9.21709e-07,0.9999,0.0112436
529,-242.078,5.29116e-07,0.999902,0.0112432
530,-242.16,3.85806e-07,0.999904,0.0112428
531,-242.25,5.30167e-07,0.999906,0.0112423
532,-242.344,9.69626e-07,0.999908,0.0112418
533,-242.416,3.77607e-07,0.99991,0.0112414
534,-242.497,2.77073e-07,0.999912,0.011241
535,-242.592,5.80869e-07,0.999914,0.0112405
536,-242.676,5.23129e-07,0.999915,0.01124
537,-242.762,6.17385e-07,0.999917,0.0112396
538,-242.849,7.50592e-07,0.999919,0.0112391
539,-242.936,9.40156e-07,0.999921,0.0112387
540,-243.012,5.2948e-07,0.999922,0.0112383
541,-243.091,3.78109e-07,0.999924,0.0112379
542,-243.179,5.20575e-07,0.999925,0.0112374
543,-243.271,9.75373e-07,0.999927,0.0112369
544,-243.341,3.69444e-07,0.999928,0.0112365
545,-243.42,2.70352e-07,0.99993,0.0112361
546,-243.513,5.82445e-07,0.999931,0.0112356
547,-243.594,5.08968e-07,0.999933,0.0112352
548,-243.678,6.01257e-07,0.999934,0.0112348
549,-243.763,7.31141e-07,0.999936,0.0112343
550,-243.848,9.15291e-07,0.999937,0.0112339
551,-243.923,5.42719e-07,0.999938,0.0112335
552,-243.998,3.29473e-07,0.999939,0.0112331
553,-244.083,4.52083e-07,0.999941,0.0112327
554,-244.175,1.00785e-06,0.999942,0.0112322
555,-244.241,3.19554e-07,0.999943,0.0112319
556,-244.318,2.32419e-07,0.999944,0.0112315
557,-244.411,6.02087e-07,0.999945,0.011231
558,-244.487,4.16215e-07,0.999946,0.0112306
559,-244.569,4.90857e-07,0.999948,0.0112302
560,-244.657,8.36276e-07,0.999949,0.0112297
561,-244.728,4.48846e-07,0.99995,0.0112294
562,-244.806,3.70645e-07,0.999951,0.011229
563,-244.892,6.10896e-07,0.999952,0.0112285
564,-244.978,1.03755e-06,0.999953,0.0112281
565,-245.044,3.83231e-07,0.999954,0.0112278
566,-245.118,2.61741e-07,0.999955,0.0112274
567,-245.207,5.44073e-07,0.999956,0.0112269
568,-245.283,4.4513e-07,0.999957,0.0112266
569,-245.365,5.77746e-07,0.999957,0.0112261
570,-245.447,7.71312e-07,0.999958,0.0112257
571,-245.529,1.05927e-06,0.999959,0.0112253
572,-245.596,4.46216e-07,0.99996,0.011225
573,-245.668,2.9065e-07,0.999961,0.0112246
574,-245.753,5.02586e-07,0.999962,0.0112242
575,-245.831,5.29911e-07,0.999962,0.0112238
576,-245.913,7.26345e-07,0.999963,0.0112234
577,-245.994,1.02396e-06,0.999964,0.011223
578,-246.061,4.47967e-07,0.999965,0.0112226
579,-246.133,3.01421e-07,0.999965,0.0112223
580,-246.216,5.15519e-07,0.999966,0.0112219
581,-246.293,5.38326e-07,0.999967,0.0112215
582,-246.373,7.15857e-07,0.999967,0.0112211
583,-246.453,9.78534e-07,0.999968,0.0112207
584,-246.52,4.76078e-07,0.999969,0.0112203
585,-246.592,3.31586e-07,0.999969,0.01122
586,-246.673,5.22069e-07,0.99997,0.0112196
587,-246.759,1.12405e-06,0.999971,0.0112192
588,-246.818,3.12922e-07,0.999971,0.0112189
589,-246.888,2.05335e-07,0.999972,0.0112185
590,-246.976,5.55092e-07,0.999972,0.0112181
591,-247.045,3.45187e-07,0.999973,0.0112178
592,-247.123,4.57535e-07,0.999973,0.0112174
593,-247.207,9.64842e-07,0.999974,0.011217
594,-247.269,3.41118e-07,0.999975,0.0112166
595,-247.34,2.5532e-07,0.999975,0.0112163
596,-247.425,6.04119e-07,0.999976,0.0112159
597,-247.495,4.51598e-07,0.999976,0.0112155
598,-247.571,5.22099e-07,0.999977,0.0112152
599,-247.65,8.03737e-07,0.999977,0.0112148
600,-247.718,5.09079e-07,0.999977,0.0112145
601,-247.789,4.27768e-07,0.999978,0.0112141
602,-247.867,5.99056e-07,0.999978,0.0112137
603,-247.944,8.61662e-07,0.999979,0.0112134
604,-248.011,5.07892e-07,0.999979,0.011213
605,-248.081,3.97476e-07,0.99998,0.0112127
606,-248.158,5.65011e-07,0.99998,0.0112123
607,-248.235,8.24807e-07,0.999981,0.0112119
608,-248.302,5.21499e-07,0.999981,0.0112116
609,-248.371,4.24815e-07,0.999981,0.0112113
610,-248.447,5.8016e-07,0.999982,0.0112109
611,-248.523,8.13303e-07,0.999982,0.0112106
612,-248.59,5.47965e-07,0.999982,0.0112102
613,-248.657,3.77268e-07,0.999983,0.0112099
614,-248.732,4.98621e-07,0.999983,0.0112096
615,-248.811,9.3903e-07,0.999983,0.0112092
616,-248.872,3.78776e-07,0.999984,0.0112089
617,-248.939,2.85523e-07,0.999984,0.0112086
618,-249.019,5.90146e-07,0.999984,0.0112082
619,-249.088,5.2425e-07,0.999985,0.0112078
620,-249.161,6.05003e-07,0.999985,0.0112075
621,-249.233,7.15655e-07,0.999985,0.0112072
622,-249.305,8.67779e-07,0.999986,0.0112068
623,-249.378,1.07872e-06,0.999986,0.0112065
624,-249.439,4.78405e-07,0.999986,0.0112062
625,-249.503,3.01749e-07,0.999986,0.0112059
626,-249.578,4.79352e-07,0.999987,0.0112055
627,-249.65,5.75968e-07,0.999987,0.0112052
628,-249.722,7.09283e-07,0.999987,0.0112048
629,-249.794,8.95265e-07,0.999988,0.0112045
630,-249.858,5.51568e-07,0.999988,0.0112042
631,-249.922,3.46765e-07,0.999988,0.0112039
632,-249.994,4.61374e-07,0.999988,0.0112036
633,-250.071,9.64382e-07,0.999988,0.0112032
634,-250.128,3.44044e-07,0.999989,0.0112029
635,-250.194,2.56747e-07,0.999989,0.0112026
636,-250.272,5.99876e-07,0.999989,0.0112022
637,-250.337,4.6092e-07,0.999989,0.0112019
638,-250.407,5.33881e-07,0.99999,0.0112016
639,-250.48,7.99095e-07,0.99999,0.0112013
640,-250.543,5.25751e-07,0.99999,0.011201
641,-250.609,4.41172e-07,0.99999,0.0112007
642,-250.68,5.92423e-07,0.99999,0.0112003
643,-250.751,8.15239e-07,0.999991,0.0112
644,-250.814,5.56715e-07,0.999991,0.0111997
645,-250.877,3.88014e-07,0.999991,0.0111994
646,-250.947,5.00974e-07,0.999991,0.0111991
647,-251.021,9.12809e-07,0.999991,0.0111988
648,-251.079,3.97356e-07,0.999991,0.0111985
649,-251.143,3.05174e-07,0.999992,0.0111982
650,-251.217,5.90808e-07,0.999992,0.0111978
651,-251.283,5.57522e-07,0.999992,0.0111975
652,-251.349,5.37896e-07,0.999992,0.0111972
653,-251.417,6.55434e-07,0.999992,0.0111969
654,-251.486,8.17615e-07,0.999992,0.0111966
655,-251.554,1.04421e-06,0.999993,0.0111963
656,-251.612,4.80146e-07,0.999993,0.011196
657,-251.673,3.12076e-07,0.999993,0.0111957
658,-251.744,4.90153e-07,0.999993,0.0111954
659,-251.811,5.85667e-07,0.999993,0.0111951
660,-251.879,7.16154e-07,0.999993,0.0111948
661,-251.946,8.96247e-07,0.999993,0.0111945
662,-252.006,5.55887e-07,0.999994,0.0111942
663,-252.067,3.51429e-07,0.999994,0.0111939
664,-252.135,4.61937e-07,0.999994,0.0111936
665,-252.207,9.49852e-07,0.999994,0.0111933
666,-252.261,3.5197e-07,0.999994,0.0111931
667,-252.323,2.65212e-07,0.999994,0.0111928
668,-252.397,6.0004e-07,0.999994,0.0111924
669,-252.458,4.75284e-07,0.999994,0.0111922
670,-252.524,5.46688e-07,0.999995,0.0111919
671,-252.59,6.43097e-07,0.999995,0.0111916
672,-252.656,7.73738e-07,0.999995,0.0111913
673,-252.722,9.52179e-07,0.999995,0.011191
674,-252.78,5.34904e-07,0.999995,0.0111907
675,-252.84,3.74017e-07,0.999995,0.0111904
676,-252.906,5.06496e-07,0.999995,0.0111901
677,-252.976,9.57117e-07,0.999995,0.0111898
678,-253.03,3.73792e-07,0.999995,0.0111896
679,-253.09,2.76381e-07,0.999995,0.0111893
680,-253.161,5.81062e-07,0.999995,0.011189
681,-253.223,5.25534e-07,0.999996,0.0111887
682,-253.288,6.14507e-07,0.999996,0.0111884
683,-253.352,7.34562e-07,0.999996,0.0111881
684,-253.417,8.97705e-07,0.999996,0.0111879
685,-253.475,5.67405e-07,0.999996,0.0111876
686,-253.533,3.65309e-07,0.999996,0.0111873
687,-253.597,4.66189e-07,0.999996,0.011187
688,-253.667,9.16601e-07,0.999996,0.0111867
689,-253.72,3.73367e-07,0.999996,0.0111865
690,-253.779,2.88242e-07,0.999996,0.0111862
691,-253.849,6.02003e-07,0.999996,0.0111859
692,-253.909,5.10553e-07,0.999996,0.0111857
693,-253.972,5.77578e-07,0.999997,0.0111854
694,-254.035,6.67578e-07,0.999997,0.0111851
695,-254.098,7.88391e-07,0.999997,0.0111848
696,-254.161,9.51383e-07,0.999997,0.0111845
697,-254.216,5.44957e-07,0.999997,0.0111843
698,-254.272,3.17633e-07,0.999997,0.0111841
699,-254.336,4.33415e-07,0.999997,0.0111838
700,-254.406,1.00459e-06,0.999997,0.0111835
701,-254.455,3.13374e-07,0.999997,0.0111833
702,-254.513,2.28052e-07,0.999997,0.011183
703,-254.583,6.00656e-07,0.999997,0.0111827
704,-254.64,4.13951e-07,0.999997,0.0111824
705,-254.702,4.863e-07,0.999997,0.0111822
706,-254.768,8.28194e-07,0.999997,0.0111819
707,-254.822,4.55549e-07,0.999997,0.0111816
708,-254.88,3.76457e-07,0.999997,0.0111814
709,-254.945,6.04355e-07,0.999997,0.0111811
710,-255.01,9.92309e-07,0.999998,0.0111808
711,-255.061,4.07499e-07,0.999998,0.0111806
712,-255.117,2.8594e-07,0.999998,0.0111804
713,-255.183,5.43291e-07,0.999998,0.0111801
714,-255.242,4.90926e-07,0.999998,0.0111798
715,-255.303,6.2301e-07,0.999998,0.0111795
716,-255.365,8.07589e-07,0.999998,0.0111793
717,-255.427,1.06936e-06,0.999998,0.011179
718,-255.478,4.5877e-07,0.999998,0.0111788
719,-255.533,2.92911e-07,0.999998,0.0111786
720,-255.597,4.87346e-07,0.999998,0.0111783
721,-255.657,5.52662e-07,0.999998,0.011178
722,-255.717,6.39705e-07,0.999998,0.0111778
723,-255.777,7.5583e-07,0.999998,0.0111775
724,-255.837,9.11623e-07,0.999998,0.0111772
725,-255.891,5.66804e-07,0.999998,0.011177
726,-255.945,3.585e-07,0.999998,0.0111768
727,-256.006,4.58822e-07,0.999998,0.0111765
728,-256.071,9.21801e-07,0.999998,0.0111762
729,-256.12,3.66129e-07,0.999998,0.011176
730,-256.176,2.8166e-07,0.999998,0.0111758
731,-256.241,6.02408e-07,0.999998,0.0111755
732,-256.297,4.99801e-07,0.999998,0.0111753
733,-256.356,5.66223e-07,0.999998,0.011175
734,-256.415,6.54484e-07,0.999998,0.0111748
735,-256.474,7.71891e-07,0.999998,0.0111745
736,-256.533,9.28923e-07,0.999998,0.0111743
737,-256.585,5.58578e-07,0.999999,0.011174
738,-256.638,3.41501e-07,0.999999,0.0111738
739,-256.698,4.47506e-07,0.999999,0.0111736
740,-256.762,9.51581e-07,0.999999,0.0111733
741,-256.809,3.43625e-07,0.999999,0.0111731
742,-256.863,2.58937e-07,0.999999,0.0111729
743,-256.928,6.0205e-07,0.999999,0.0111726
744,-256.983,4.63283e-07,0.999999,0.0111724
745,-257.04,5.31802e-07,0.999999,0.0111721
746,-257.101,7.8856e-07,0.999999,0.0111719
747,-257.153,5.38721e-07,0.999999,0.0111716
748,-257.206,3.74377e-07,0.999999,0.0111714
749,-257.265,5.01681e-07,0.999999,0.0111712
750,-257.327,9.45807e-07,0.999999,0.0111709
751,-257.375,3.78313e-07,0.999999,0.0111707
752,-257.428,2.81795e-07,0.999999,0.0111705
753,-257.491,5.81084e-07,0.999999,0.0111702
754,-257.546,5.36443e-07,0.999999,0.01117
755,-257.603,6.23363e-07,0.999999,0.0111697
756,-257.66,7.38635e-07,0.999999,0.0111695
757,-257.718,8.92505e-07,0.999999,0.0111693
758,-257.769,5.77444e-07,0.999999,0.011169
759,-257.821,3.79809e-07,0.999999,0.0111688
760,-257.878,4.71305e-07,0.999999,0.0111686
761,-257.939,8.84092e-07,0.999999,0.0111683
762,-257.987,3.98936e-07,0.999999,0.0111681
763,-258.04,3.14997e-07,0.999999,0.0111679
764,-258.101,6.01055e-07,0.999999,0.0111677
765,-258.155,5.57556e-07,0.999999,0.0111674
766,-258.209,5.2669e-07,0.999999,0.0111672
767,-258.265,6.41237e-07,0.999999,0.011167
768,-258.322,7.95944e-07,0.999999,0.0111667
769,-258.378,1.00732e-06,0.999999,0.0111665
770,-258.427,4.99388e-07,0.999999,0.0111663
771,-258.477,3.32897e-07,0.999999,0.0111661
772,-258.535,4.93452e-07,0.999999,0.0111659
773,-258.596,1.05904e-06,0.999999,0.0111656
774,-258.64,3.22848e-07,0.999999,0.0111654
775,-258.69,2.2142e-07,0.999999,0.0111652
776,-258.753,5.65915e-07,0.999999,0.011165
777,-258.803,3.69245e-07,0.999999,0.0111648
778,-258.859,4.70179e-07,0.999999,0.0111645
779,-258.919,9.0922e-07,0.999999,0.0111643
780,-258.965,3.81469e-07,0.999999,0.0111641
781,-259.016,2.94955e-07,0.999999,0.0111639
782,-259.076,5.97366e-07,0.999999,0.0111636
783,-259.128,5.30966e-07,0.999999,0.0111634
784,-259.182,5.99706e-07,0.999999,0.0111632
785,-259.237,6.90021e-07,0.999999,0.011163
786,-259.291,8.08829e-07,0.999999,0.0111628
787,-259.346,9.65923e-07,0.999999,0.0111625
788,-259.394,5.44004e-07,0.999999,0.0111623
789,-259.442,3.10996e-07,0.999999,0.0111621
790,-259.497,4.25434e-07,0.999999,0.0111619
791,-259.558,1.00894e-06,0.999999,0.0111617
792,-259.6,3.08635e-07,0.999999,0.0111615
793,-259.65,2.23751e-07,0.999999,0.0111613
794,-259.711,5.99276e-07,1,0.0111611
795,-259.761,4.09842e-07,1,0.0111609
796,-259.814,4.82045e-07,1,0.0111606
797,-259.871,8.28461e-07,1,0.0111604
798,-259.918,4.52997e-07,1,0.0111602
799,-259.969,3.73562e-07,1,0.01116
800,-260.025,6.02303e-07,1,0.0111598
801,-260.081,9.90275e-07,1,0.0111596
802,-260.126,4.08592e-07,1,0.0111594
803,-260.175,2.86429e-07,1,0.0111592
804,-260.232,5.40812e-07,1,0.011159
805,-260.283,4.95158e-07,1,0.0111587
806,-260.336,6.28658e-07,1,0.0111585
807,-260.39,8.13001e-07,1,0.0111583
808,-260.444,1.071e-06,1,0.0111581
809,-260.488,4.61152e-07,1,0.0111579
810,-260.536,2.93018e-07,1,0.0111577
811,-260.591,4.83353e-07,1,0.0111575
812,-260.644,5.58511e-07,1,0.0111573
813,-260.696,6.5701e-07,1,0.0111571
814,-260.748,7.86869e-07,1,0.0111569
815,-260.801,9.59493e-07,1,0.0111567
816,-260.847,5.37615e-07,1,0.0111565
817,-260.895,3.71159e-07,1,0.0111563
818,-260.948,4.98181e-07,1,0.0111561
819,-261.004,9.4709e-07,1,0.0111559
820,-261.047,3.76125e-07,1,0.0111557
821,-261.095,2.79577e-07,1,0.0111555
822,-261.152,5.79716e-07,1,0.0111553
823,-261.202,5.35951e-07,1,0.0111551
824,-261.253,6.23184e-07,1,0.0111549
825,-261.305,7.37493e-07,1,0.0111547
826,-261.356,8.88315e-07,1,0.0111545
827,-261.408,1.08908e-06,1,0.0111543
828,-261.451,4.83031e-07,1,0.0111541
829,-261.497,2.99456e-07,1,0.0111539
830,-261.551,4.67886e-07,1,0.0111537
831,-261.608,1.13548e-06,1,0.0111535
832,-261.647,2.92311e-07,1,0.0111533
833,-261.693,1.91286e-07,1,0.0111531
834,-261.752,5.58403e-07,1,0.0111529
835,-261.797,3.24426e-07,1,0.0111527
836,-261.849,4.27901e-07,1,0.0111525
837,-261.905,9.66754e-07,1,0.0111523
838,-261.945,3.26445e-07,1,0.0111522
839,-261.992,2.43887e-07,1,0.011152
840,-262.049,6.04246e-07,1,0.0111517
841,-262.096,4.36858e-07,1,0.0111516
842,-262.146,5.03186e-07,1,0.0111514
843,-262.199,8.00137e-07,1,0.0111512
844,-262.244,5.00481e-07,1,0.011151
845,-262.291,4.20111e-07,1,0.0111508
846,-262.343,5.95462e-07,1,0.0111506
847,-262.395,8.592e-07,1,0.0111504
848,-262.439,5.11515e-07,1,0.0111502
849,-262.486,3.97723e-07,1,0.01115
850,-262.537,5.55882e-07,1,0.0111498
851,-262.588,7.90806e-07,1,0.0111496
852,-262.634,5.59161e-07,1,0.0111495
853,-262.68,4.01272e-07,1,0.0111493
854,-262.73,5.09098e-07,1,0.0111491
855,-262.782,8.85204e-07,1,0.0111489
856,-262.825,4.25205e-07,1,0.0111487
857,-262.871,3.30873e-07,1,0.0111486
858,-262.923,5.82547e-07,1,0.0111484
859,-262.976,1.04464e-06,1,0.0111481
860,-263.016,3.69728e-07,1,0.011148
861,-263.06,2.49984e-07,1,0.0111478
862,-263.114,5.3806e-07,1,0.0111476
863,-263.16,4.34227e-07,1,0.0111474
864,-263.21,5.66107e-07,1,0.0111472
865,-263.26,7.50778e-07,1,0.0111471
866,-263.31,1.01291e-06,1,0.0111469
867,-263.351,4.72217e-07,1,0.0111467
868,-263.396,3.15308e-07,1,0.0111465
869,-263.447,4.99773e-07,1,0.0111463
870,-263.5,1.13198e-06,1,0.0111461
871,-263.537,3.04842e-07,1,0.011146
872,-263.581,1.98091e-07,1,0.0111458
873,-263.636,5.48316e-07,1,0.0111456
874,-263.68,3.40342e-07,1,0.0111455
875,-263.729,4.53463e-07,1,0.0111453
876,-263.782,9.61533e-07,1,0.0111451
877,-263.821,3.43227e-07,1,0.0111449
878,-263.865,2.55197e-07,1,0.0111447
879,-263.919,5.93231e-07,1,0.0111445
880,-263.963,4.71768e-07,1,0.0111444
881,-264.011,5.46348e-07,1,0.0111442
882,-264.059,6.43116e-07,1,0.011144
883,-264.107,7.6949e-07,1,0.0111438
884,-264.155,9.35892e-07,1,0.0111436
885,-264.197,5.5143e-07,1,0.0111435
886,-264.239,3.29257e-07,1,0.0111433
887,-264.288,4.38453e-07,1,0.0111431
888,-264.34,9.69272e-07,1,0.0111429
889,-264.378,3.31445e-07,1,0.0111428
890,-264.422,2.46024e-07,1,0.0111426
891,-264.475,5.97803e-07,1,0.0111424
892,-264.519,4.49774e-07,1,0.0111423
893,-264.565,5.20754e-07,1,0.0111421
894,-264.615,7.96707e-07,1,0.0111419
895,-264.657,5.20536e-07,1,0.0111418
896,-264.701,4.3552e-07,1,0.0111416
897,-264.749,5.87483e-07,1,0.0111414
898,-264.797,8.05666e-07,1,0.0111412
899,-264.84,5.68452e-07,1,0.0111411
900,-264.883,4.06706e-07,1,0.0111409
901,-264.93,5.05304e-07,1,0.0111407
902,-264.98,8.66069e-07,1,0.0111405
903,-265.02,4.38409e-07,1,0.0111404
904,-265.063,3.46645e-07,1,0.0111402
905,-265.112,5.85034e-07,1,0.0111401
906,-265.162,1.00441e-06,1,0.0111399
907,-265.2,3.91955e-07,1,0.0111397
908,-265.242,2.72327e-07,1,0.0111396
909,-265.292,5.41263e-07,1,0.0111394
910,-265.336,4.71435e-07,1,0.0111392
911,-265.383,6.01524e-07,1,0.011139
912,-265.429,7.79913e-07,1,0.0111389
913,-265.476,1.02758e-06,1,0.0111387
914,-265.515,4.76597e-07,1,0.0111386
915,-265.557,3.1298e-07,1,0.0111384
916,-265.605,4.91297e-07,1,0.0111382
917,-265.655,1.12392e-06,1,0.011138
918,-265.69,3.03875e-07,1,0.0111379
919,-265.731,1.98762e-07,1,0.0111378
920,-265.784,5.51144e-07,1,0.0111376
921,-265.824,3.40541e-07,1,0.0111374
922,-265.871,4.50744e-07,1,0.0111372
923,-265.92,9.55107e-07,1,0.0111371
924,-265.957,3.45069e-07,1,0.0111369
925,-265.999,2.57802e-07,1,0.0111368
926,-266.049,5.94089e-07,1,0.0111366
927,-266.092,4.75339e-07,1,0.0111364
928,-266.137,5.48388e-07,1,0.0111363
929,-266.182,6.4245e-07,1,0.0111361
930,-266.227,7.64311e-07,1,0.0111359
931,-266.272,9.23406e-07,1,0.0111358
932,-266.312,5.61806e-07,1,0.0111356
933,-266.352,3.46175e-07,1,0.0111355
934,-266.398,4.47542e-07,1,0.0111353
935,-266.447,9.32482e-07,1,0.0111351
936,-266.483,3.54845e-07,1,0.011135
937,-266.525,2.70081e-07,1,0.0111348
938,-266.574,5.98631e-07,1,0.0111347
939,-266.616,4.89097e-07,1,0.0111345
940,-266.66,5.56875e-07,1,0.0111344
941,-266.704,6.43676e-07,1,0.0111342
942,-266.748,7.55332e-07,1,0.011134
943,-266.793,8.99874e-07,1,0.0111339
944,-266.837,1.08846e-06,1,0.0111337
945,-266.874,4.8955e-07,1,0.0111336
946,-266.914,3.02319e-07,1,0.0111334
947,-266.96,4.63595e-07,1,0.0111333
948,-267.009,1.11202e-06,1,0.0111331
949,-267.042,2.96407e-07,1,0.011133
950,-267.082,1.96776e-07,1,0.0111328
951,-267.133,5.61316e-07,1,0.0111326
952,-267.172,3.33016e-07,1,0.0111325
953,-267.216,4.33704e-07,1,0.0111323
954,-267.264,9.47409e-07,1,0.0111322
955,-267.3,3.39165e-07,1,0.011132
956,-267.34,2.56117e-07,1,0.0111319
957,-267.389,6.01721e-07,1,0.0111317
958,-267.429,4.61484e-07,1,0.0111316
959,-267.472,5.27604e-07,1,0.0111314
960,-267.517,7.82312e-07,1,0.0111313
961,-267.557,5.45167e-07,1,0.0111311
962,-267.597,3.84824e-07,1,0.011131
963,-267.641,5.0408e-07,1,0.0111308
964,-267.687,9.1638e-07,1,0.0111306
965,-267.723,3.9997e-07,1,0.0111305
966,-267.763,3.03131e-07,1,0.0111304
967,-267.81,5.77708e-07,1,0.0111302
968,-267.856,1.11904e-06,1,0.01113
969,-267.89,3.38559e-07,1,0.0111299
970,-267.929,2.17351e-07,1,0.0111298
971,-267.977,5.26583e-07,1,0.0111296
972,-268.016,3.85272e-07,1,0.0111295
973,-268.06,5.23521e-07,1,0.0111293
974,-268.106,9.44027e-07,1,0.0111292
975,-268.141,3.9404e-07,1,0.011129
976,-268.181,2.9058e-07,1,0.0111289
977,-268.227,5.66923e-07,1,0.0111287
978,-268.268,5.82357e-07,1,0.0111286
979,-268.31,6.06687e-07,1,0.0111284
980,-268.352,6.41009e-07,1,0.0111283
981,-268.393,6.86908e-07,1,0.0111281
982,-268.435,7.46589e-07,1,0.011128
983,-268.477,8.23048e-07,1,0.0111278
984,-268.518,9.20324e-07,1,0.0111277
985,-268.56,1.04386e-06,1,0.0111275
986,-268.597,5.34377e-07,1,0.0111274
987,-268.635,3.38612e-07,1,0.0111273
988,-268.678,4.63085e-07,1,0.0111271
989,-268.724,9.81262e-07,1,0.011127
990,-268.757,3.39957e-07,1,0.0111268
991,-268.796,2.47693e-07,1,0.0111267
992,-268.843,5.83487e-07,1,0.0111265
993,-268.882,4.74699e-07,1,0.0111264
994,-268.924,5.57642e-07,1,0.0111263
995,-268.965,6.64476e-07,1,0.0111261
996,-269.007,8.0316e-07,1,0.011126
997,-269.049,9.84771e-07,1,0.0111258
998,-269.085,5.24841e-07,1,0.0111257
999,-269.123,3.5327e-07,1,0.0111256